C $2^{-5}$到$2^{15}$ gamma $2^{-15}$到$2^3$

Linear:

96.00 95.92 95.52 95.00 95.00 95.00 95.00 95.00 95.00 95.00

Polynomial:

28.88 28.88 28.88 28.88 74.88 97.04 97.48 97.48 97.48 
28.88 28.88 28.88 28.88 88.84 97.80 97.48 97.48 97.48 
28.88 28.88 28.88 43.88 93.64 97.48 97.48 97.48 97.48 
28.88 28.88 28.88 74.88 97.04 97.48 97.48 97.48 97.48 
28.88 28.88 28.88 88.84 97.80 97.48 97.48 97.48 97.48 
28.88 28.88 43.88 93.64 97.48 97.48 97.48 97.48 97.48 
28.88 28.88 74.88 97.04 97.48 97.48 97.48 97.48 97.48 
28.88 28.88 88.84 97.80 97.48 97.48 97.48 97.48 97.48 
28.88 43.88 93.64 97.48 97.48 97.48 97.48 97.48 97.48 
28.88 74.88 97.04 97.48 97.48 97.48 97.48 97.48 97.48 

RBF:
79.44 79.52 80.64 90.76 93.76 94.60 41.40 20.76 20.08 
79.44 80.08 90.80 94.04 95.48 96.60 45.60 20.76 20.08 
80.00 90.76 94.04 95.32 96.72 98.04 57.92 28.20 20.08 
90.68 94.00 95.16 96.24 97.64 98.52 83.24 43.76 25.72 
94.04 95.16 95.92 96.80 98.04 98.52 83.24 43.76 25.72 
95.16 95.84 96.20 97.24 98.04 98.52 83.24 43.76 25.72 
95.84 96.04 96.44 97.20 98.04 98.52 83.24 43.76 25.72 
96.00 96.00 96.08 97.24 98.04 98.52 83.24 43.76 25.72 
95.92 95.72 96.08 97.24 98.04 98.52 83.24 43.76 25.72 
95.52 95.40 96.08 97.24 98.04 98.52 83.24 43.76 25.72

Improved:

linear

95.16 95.52 95.84 95.92 96.00 96.04 95.92 95.80 95.52 95.08 95.00 95.00 

polynomial

28.88 28.88 28.88 28.88 28.88 33.56 74.88 92.08 97.04 97.84 
28.88 28.88 28.88 28.88 28.88 43.88 83.40 93.64 97.52 97.48 
28.88 28.88 28.88 28.88 28.88 61.92 88.84 95.16 97.80 97.48 
28.88 28.88 28.88 28.88 33.56 74.88 92.08 97.04 97.84 97.48 
28.88 28.88 28.88 28.88 43.88 83.40 93.64 97.52 97.48 97.48 
28.88 28.88 28.88 28.88 61.92 88.84 95.16 97.80 97.48 97.48 
28.88 28.88 28.88 33.56 74.88 92.08 97.04 97.84 97.48 97.48 
28.88 28.88 28.88 43.88 83.40 93.64 97.52 97.48 97.48 97.48 
28.88 28.88 28.88 61.92 88.84 95.16 97.80 97.48 97.48 97.48 
28.88 28.88 33.56 74.88 92.08 97.04 97.84 97.48 97.48 97.48

RBF

90.80 92.64 94.04 94.96 95.48 96.44 96.60 88.20 45.60 32.20 
92.80 94.08 94.92 95.44 96.12 97.12 97.32 93.44 46.12 36.04 
94.04 94.68 95.32 95.72 96.72 97.52 98.04 96.40 57.92 37.60 
94.68 95.24 95.60 96.48 97.32 98.08 98.52 97.36 82.04 59.80 
95.16 95.48 96.24 96.88 97.64 98.28 98.52 97.44 83.24 63.24 
95.52 95.96 96.32 97.24 97.92 98.40 98.52 97.44 83.24 63.24 
95.92 96.12 96.80 97.44 98.04 98.40 98.52 97.44 83.24 63.24 
96.08 96.32 97.04 97.64 98.04 98.44 98.52 97.44 83.24 63.24 
96.20 96.52 97.24 97.56 98.04 98.44 98.52 97.44 83.24 63.24 
96.28 96.88 97.12 97.56 98.04 98.44 98.52 97.44 83.24 63.24